0.0 7.1078626758 0.0 6.3387892373 7.1078626758
0.01 7.093284502318805 -0.46456582890003123 6.3387892373 7.1078626758
0.02 7.048442097058745 -0.9537212999146624 6.3387892373 7.1078626758
0.03 6.972076873707828 -1.4568203962418018 6.3387892373 7.1078626758
0.04 6.863800189693411 -1.9576375716765908 6.3387892373 7.1078626758
0.05 6.724306289157271 -2.4391903084016393 6.3387892373 7.1078626758
0.06 6.555246949239075 -2.88894152748243 6.3387892373 7.1078626758
0.07 6.3588568277139705 -3.301106434748518 6.3387892373 7.1078626758
0.08 6.137542960453095 -3.6756930247150286 6.3387892373 7.1078626758
0.09 5.893590041139652 -4.016146298503387 6.3387892373 7.1078626758
0.1 5.6290130206056155 -4.327247467839433 6.3387892373 7.1078626758
0.11 5.345517886229656 -4.613808918565622 6.3387892373 7.1078626758
0.12 5.04452273531483 -4.880039624834318 6.3387892373 7.1078626758
0.13 4.727204798582596 -5.129308880500107 6.3387892373 7.1078626758
0.14 4.394555866296487 -5.36410089758932 6.3387892373 7.1078626758
0.15 4.0474375804637654 -5.586045685321517 6.3387892373 7.1078626758
0.16 3.686633883985945 -5.7959749996935255 6.3387892373 7.1078626758
0.17 3.312899544682996 -5.993988458785935 6.3387892373 7.1078626758
0.18 2.927004435008354 -6.179531294726266 6.3387892373 7.1078626758
0.19 2.5297714901956123 -6.3514921189261715 6.3387892373 7.1078626758
0.2 2.122108506924485 -6.508322294947687 6.3387892373 7.1078626758
0.21 1.705032306481067 -6.648175243686999 6.3387892373 7.1078626758
0.22 1.2796818023988341 -6.769054169701666 6.3387892373 7.1078626758
0.23 0.8473235883877512 -6.868949316946716 6.3387892373 7.1078626758
0.24 0.40934921123947055 -6.945947002386139 6.3387892373 7.1078626758
0.25 -0.03273336614467234 -6.9982968301405135 6.3387892373 7.1078626758
0.26 -0.47731127447648025 -7.024430517674222 6.3387892373 7.1078626758
0.27 -0.9226771928143433 -7.0229340217143355 6.3387892373 7.1078626758
0.28 -1.3670374111741204 -6.992481138428932 6.3387892373 7.1078626758
0.29 -1.80851459143684 -6.931741002896871 6.3387892373 7.1078626758
0.3 -2.2451441214004753 -6.839275043789467 6.3387892373 7.1078626758
0.31 -2.674864327949999 -6.713447289406106 6.3387892373 7.1078626758
0.32 -3.095502282618279 -6.552383329617457 6.3387892373 7.1078626758
0.33 -3.504760052183701 -6.354035863133706 6.3387892373 7.1078626758
0.34 -3.9002105493933303 -6.1164440076713396 6.3387892373 7.1078626758
0.35000000000000003 -4.279318944567572 -5.838291763939902 6.3387892373 7.1078626758
0.36 -4.639510886538618 -5.519828406591994 6.3387892373 7.1078626758
0.37 -4.978307893233171 -5.1640241585053435 6.3387892373 7.1078626758
0.38 -5.293531829413923 -4.777472115445371 6.3387892373 7.1078626758
0.39 -5.583537397260074 -4.370240442613541 6.3387892373 7.1078626758
0.4 -5.847386191363733 -3.954157610984663 6.3387892373 7.1078626758
0.41000000000000003 -6.084872994375692 -3.5400446670783743 6.3387892373 7.1078626758
0.42 -6.296379179826466 -3.135293337262971 6.3387892373 7.1078626758
0.43 -6.482615791290533 -2.7428767285354487 6.3387892373 7.1078626758
0.44 -6.644350412460544 -2.3617619596238626 6.3387892373 7.1078626758
0.45 -6.7821861861817005 -1.9879778739020224 6.3387892373 7.1078626758
0.46 -6.896409822171372 -1.61567056963544 6.3387892373 7.1078626758
0.47000000000000003 -6.98689886651899 -1.2378937595618078 6.3387892373 7.1078626758
0.48 -7.053072249889636 -0.8472255557126781 6.3387892373 7.1078626758
0.49 -7.093881726443859 -0.43649694118388715 6.3387892373 7.1078626758
0.5 -7.107862674278056 6.521718942664734e-09 6.3387892373 7.1078626758
0.51 -7.09328451378669 0.4645658305619368 6.3387892373 7.1078626758
0.52 -7.048442099766855 0.9537213324719306 6.3387892373 7.1078626758
0.53 -6.972076867452418 1.4568204155519422 6.3387892373 7.1078626758
0.54 -6.8638001933386334 1.9576375793760108 6.3387892373 7.1078626758
0.55 -6.72430629265536 2.439190330144597 6.3387892373 7.1078626758
0.56 -6.555246926369442 2.888941545614895 6.3387892373 7.1078626758
0.5700000000000001 -6.3588568306020115 3.301106452123813 6.3387892373 7.1078626758
0.58 -6.137542954418986 3.6756930295589747 6.3387892373 7.1078626758
0.59 -5.893590034445006 4.01614632121522 6.3387892373 7.1078626758
0.6 -5.629013007580524 4.327247484861885 6.3387892373 7.1078626758
0.61 -5.345517891104415 4.613808914337849 6.3387892373 7.1078626758
0.62 -5.044522728918524 4.880039634523533 6.3387892373 7.1078626758
0.63 -4.727204791171461 5.129308891068564 6.3387892373 7.1078626758
0.64 -4.39455586105926 5.364100898133573 6.3387892373 7.1078626758
0.65 -4.047437578892992 5.5860456801158245 6.3387892373 7.1078626758
0.66 -3.6866339005188973 5.795974981243454 6.3387892373 7.1078626758
0.67 -3.312899635560032 5.993988332437375 6.3387892373 7.1078626758
0.68 -2.927004395736582 6.179531335974474 6.3387892373 7.1078626758
0.6900000000000001 -2.52977129539343 6.351492283812844 6.3387892373 7.1078626758
0.7000000000000001 -2.1221084711913827 6.508322536983677 6.3387892373 7.1078626758
0.71 -1.7050322828648703 6.648175675121819 6.3387892373 7.1078626758
0.72 -1.2796817151621132 6.76905430552319 6.3387892373 7.1078626758
0.73 -0.8473235252255538 6.868949433220734 6.3387892373 7.1078626758
0.74 -0.40934919567974604 6.945947100202242 6.3387892373 7.1078626758
0.75 0.032733444657246924 6.998296922462256 6.3387892373 7.1078626758
0.76 0.47731137226722864 7.024430591960892 6.3387892373 7.1078626758
0.77 0.9226772791537932 7.0229341122751725 6.3387892373 7.1078626758
0.78 1.3670375225984002 6.992481266106546 6.3387892373 7.1078626758
0.79 1.8085147261389067 6.931741108126009 6.3387892373 7.1078626758
0.8 2.245144197780708 6.839275096878094 6.3387892373 7.1078626758
0.81 2.6748644340120684 6.7134473789195726 6.3387892373 7.1078626758
0.8200000000000001 3.095502412520225 6.552383430791433 6.3387892373 7.1078626758
0.8300000000000001 3.5047601835939446 6.354035961875661 6.3387892373 7.1078626758
0.84 3.9002106682222006 6.116444061697897 6.3387892373 7.1078626758
0.85 4.279319080804469 5.838291828877792 6.3387892373 7.1078626758
0.86 4.639511007048319 5.519828494165665 6.3387892373 7.1078626758
0.87 4.978308077683231 5.164024274349188 6.3387892373 7.1078626758
0.88 5.293531992557943 4.7774721854847195 6.3387892373 7.1078626758
0.89 5.583537598742941 4.3702404812497315 6.3387892373 7.1078626758
0.9 5.847386277308884 3.9541576695896463 6.3387892373 7.1078626758
0.91 6.084873147549857 3.5400446938688392 6.3387892373 7.1078626758
0.92 6.296379252615281 3.135293372074516 6.3387892373 7.1078626758
0.93 6.482616117673056 2.7428767314845817 6.3387892373 7.1078626758
0.9400000000000001 6.644350577496902 2.3617619393862777 6.3387892373 7.1078626758
0.9500000000000001 6.782186351970198 1.9879778549859362 6.3387892373 7.1078626758
0.96 6.896409980111272 1.6156705173348482 6.3387892373 7.1078626758
0.97 6.98689902454588 1.2378937089127182 6.3387892373 7.1078626758
0.98 7.053072412405462 0.8472255017389244 6.3387892373 7.1078626758
0.99 7.0938818720650625 0.4364968684441254 6.3387892373 7.1078626758
1.0 7.1078628255156815 -1.0509684505999317e-07 6.3387892373 7.1078626758